batch_id,file,task_count,search_required,review_existing_asset,difficult,high_priority,medium_priority,low_priority,first_task,last_task
qwen_batch_001,batches/qwen/qwen_batch_001.json,8,8,0,0,8,0,0,runtime-0001-baso4,runtime-0013-hgs
qwen_batch_002,batches/qwen/qwen_batch_002.json,8,7,1,4,4,4,0,runtime-0016-mgcl2,runtime-0025-nh43fec2o43
qwen_batch_003,batches/qwen/qwen_batch_003.json,8,8,0,8,0,8,0,runtime-0026-nh43fec2o43_3h2o,runtime-0033-alcl3_6h2o
qwen_batch_004,batches/qwen/qwen_batch_004.json,8,8,0,8,0,8,0,runtime-0034-auoh3,runtime-0041-cah2po42_h2o
qwen_batch_005,batches/qwen/qwen_batch_005.json,8,8,0,8,0,8,0,runtime-0042-cano32_4h2o,runtime-0049-ca2p2o7_4h2o
qwen_batch_006,batches/qwen/qwen_batch_006.json,8,8,0,8,0,8,0,runtime-0050-ca8h2po46_5h2o,runtime-0057-coc2o4_2h2o
qwen_batch_007,batches/qwen/qwen_batch_007.json,8,8,0,8,0,8,0,runtime-0058-cocl2_6h2o,runtime-0065-cu3fecn62
qwen_batch_008,batches/qwen/qwen_batch_008.json,8,8,0,8,0,8,0,runtime-0066-cu4so4oh6_2h2o,runtime-0073-cuso4_5h2o
qwen_batch_009,batches/qwen/qwen_batch_009.json,8,8,0,8,0,8,0,runtime-0074-cuso4_h2o,runtime-0081-feso4_7h2o
qwen_batch_010,batches/qwen/qwen_batch_010.json,8,8,0,8,0,8,0,runtime-0082-h2sno3,runtime-0089-k2fec2o42
qwen_batch_011,batches/qwen/qwen_batch_011.json,8,8,0,8,0,8,0,runtime-0090-k2feco4,runtime-0097-kcoco4
qwen_batch_012,batches/qwen/qwen_batch_012.json,8,8,0,8,0,8,0,runtime-0098-kfefecn6,runtime-0105-ksif5nh3
qwen_batch_013,batches/qwen/qwen_batch_013.json,8,8,0,8,0,8,0,runtime-0106-licl_h2o,runtime-0113-mg2p2o7_h2o
qwen_batch_014,batches/qwen/qwen_batch_014.json,8,8,0,8,0,8,0,runtime-0114-mg3po42_22h2o,runtime-0121-mghpo4_3h2o
qwen_batch_015,batches/qwen/qwen_batch_015.json,8,8,0,8,0,8,0,runtime-0122-mgnh4po4,runtime-0129-na2b4o7_2h2o
qwen_batch_016,batches/qwen/qwen_batch_016.json,8,8,0,8,0,8,0,runtime-0130-na2b4o7_4h2o,runtime-0137-na2co3_nahco3_2h2o
qwen_batch_017,batches/qwen/qwen_batch_017.json,8,8,0,8,0,8,0,runtime-0138-na2h2p2o6_6h2o,runtime-0145-na2s5o3dd
qwen_batch_018,batches/qwen/qwen_batch_018.json,8,8,0,8,0,8,0,runtime-0146-na2s6o3dd,runtime-0153-nabo2_1_3h2o
qwen_batch_019,batches/qwen/qwen_batch_019.json,8,8,0,8,0,8,0,runtime-0154-nabo2_2_3h2o,runtime-0161-nacl2c3n3o3_2h2o
qwen_batch_020,batches/qwen/qwen_batch_020.json,8,8,0,8,0,8,0,runtime-0162-nacl_nabo2_2h2o,runtime-0169-nino32_6h2o
qwen_batch_021,batches/qwen/qwen_batch_021.json,8,8,0,8,0,8,0,runtime-0170-nic2o4_2h2o,runtime-0177-znnh32cl2
qwen_batch_022,batches/qwen/qwen_batch_022.json,8,8,0,8,0,8,0,runtime-0178-znno32_6h2o,runtime-0185-agnh32
qwen_batch_023,batches/qwen/qwen_batch_023.json,8,8,0,8,0,8,0,runtime-0186-ags2o323,runtime-0193-auoh4
qwen_batch_024,batches/qwen/qwen_batch_024.json,8,8,0,8,0,8,0,runtime-0194-aus2o323,runtime-0201-cocl42
qwen_batch_025,batches/qwen/qwen_batch_025.json,8,8,0,8,0,8,0,runtime-0202-croh63,runtime-0209-cucl42
qwen_batch_026,batches/qwen/qwen_batch_026.json,8,8,0,8,0,8,0,runtime-0210-cui2,runtime-0217-hgcn42
qwen_batch_027,batches/qwen/qwen_batch_027.json,8,8,0,8,0,8,0,runtime-0218-hgnh32clo42,runtime-0225-nh4nh322sif6
qwen_batch_028,batches/qwen/qwen_batch_028.json,8,8,0,8,0,8,0,runtime-0226-nicn42,runtime-0233-snoh42
qwen_batch_029,batches/qwen/qwen_batch_029.json,8,8,0,8,0,8,0,runtime-0234-snoh62,runtime-0241-znnh34i2
qwen_batch_030,batches/qwen/qwen_batch_030.json,8,8,0,3,0,8,0,runtime-0242-znoh42,runtime-0253-nh42s2o8
qwen_batch_031,batches/qwen/qwen_batch_031.json,8,7,1,0,0,8,0,runtime-0254-nh42so3,runtime-0272-ag2sio3
qwen_batch_032,batches/qwen/qwen_batch_032.json,8,7,1,0,0,8,0,runtime-0274-ag4p2o6,runtime-0283-agi
qwen_batch_033,batches/qwen/qwen_batch_033.json,8,8,0,0,0,8,0,runtime-0284-agio3,runtime-0292-agscn
qwen_batch_034,batches/qwen/qwen_batch_034.json,8,8,0,0,0,8,0,runtime-0294-alio33,runtime-0305-al4c3
qwen_batch_035,batches/qwen/qwen_batch_035.json,8,7,1,0,0,8,0,runtime-0306-albr3,runtime-0321-b
qwen_batch_036,batches/qwen/qwen_batch_036.json,8,8,0,0,0,8,0,runtime-0322-boc2h53,runtime-0336-baclo42
qwen_batch_037,batches/qwen/qwen_batch_037.json,8,8,0,0,0,8,0,runtime-0340-baio32,runtime-0356-bac2
qwen_batch_038,batches/qwen/qwen_batch_038.json,8,8,0,0,0,8,0,runtime-0359-baco3,runtime-0378-brf3
qwen_batch_039,batches/qwen/qwen_batch_039.json,8,7,1,0,0,8,0,runtime-0379-brf5,runtime-0391-c6h9n9o3
qwen_batch_040,batches/qwen/qwen_batch_040.json,8,7,1,0,0,8,0,runtime-0392-ccl3no2,runtime-0409-cah2po22
qwen_batch_041,batches/qwen/qwen_batch_041.json,8,8,0,0,0,8,0,runtime-0411-cahso32,runtime-0426-ca3n2
qwen_batch_042,batches/qwen/qwen_batch_042.json,8,8,0,0,0,8,0,runtime-0428-ca4p2o9,runtime-0446-camgco32
qwen_batch_043,batches/qwen/qwen_batch_043.json,8,8,0,0,0,8,0,runtime-0449-cao2,runtime-0459-coio32
qwen_batch_044,batches/qwen/qwen_batch_044.json,8,8,0,0,0,8,0,runtime-0461-cono22,runtime-0477-cocl2__eeff9544
qwen_batch_045,batches/qwen/qwen_batch_045.json,8,7,1,0,0,8,0,runtime-0478-cocr2o4,runtime-0493-crclo42
qwen_batch_046,batches/qwen/qwen_batch_046.json,8,8,0,0,0,8,0,runtime-0494-crclo43,runtime-0503-cr3c2
qwen_batch_047,batches/qwen/qwen_batch_047.json,8,8,0,0,0,8,0,runtime-0505-crbr2,runtime-0524-cuh2po42
qwen_batch_048,batches/qwen/qwen_batch_048.json,8,7,1,0,0,8,0,runtime-0526-cuio32,runtime-0544-cu2po4
qwen_batch_049,batches/qwen/qwen_batch_049.json,8,8,0,0,0,8,0,runtime-0545-cu2s,runtime-0559-cucs3
qwen_batch_050,batches/qwen/qwen_batch_050.json,8,8,0,0,0,8,0,runtime-0565-cuf2,runtime-0585-feio33
qwen_batch_051,batches/qwen/qwen_batch_051.json,8,7,1,0,0,8,0,runtime-0589-feno33,runtime-0600-fe3o4
qwen_batch_052,batches/qwen/qwen_batch_052.json,8,7,1,0,0,8,0,runtime-0601-fe4n,runtime-0614-feo
qwen_batch_053,batches/qwen/qwen_batch_053.json,8,8,0,0,0,8,0,runtime-0616-fes,runtime-0632-h3po3
qwen_batch_054,batches/qwen/qwen_batch_054.json,8,8,0,0,0,8,0,runtime-0635-h4p2o6,runtime-0652-hi
qwen_batch_055,batches/qwen/qwen_batch_055.json,8,7,1,0,0,8,0,runtime-0653-hio,runtime-0667-hgclo42
qwen_batch_056,batches/qwen/qwen_batch_056.json,8,8,0,0,0,8,0,runtime-0668-hgio32,runtime-0691-i4o9
qwen_batch_057,batches/qwen/qwen_batch_057.json,8,8,0,0,0,8,0,runtime-0693-icn,runtime-0718-k2s2dd
qwen_batch_058,batches/qwen/qwen_batch_058.json,8,8,0,0,0,8,0,runtime-0720-k2s2o4,runtime-0738-k3po4
qwen_batch_059,batches/qwen/qwen_batch_059.json,8,8,0,0,0,8,0,runtime-0739-k3sif7,runtime-0747-kbro3
qwen_batch_060,batches/qwen/qwen_batch_060.json,8,8,0,0,0,8,0,runtime-0748-kc2h,runtime-0761-khc2o4
qwen_batch_061,batches/qwen/qwen_batch_061.json,8,7,1,0,0,8,0,runtime-0762-khc2o4dd,runtime-0772-kio4
qwen_batch_062,batches/qwen/qwen_batch_062.json,8,6,2,0,0,8,0,runtime-0773-kmno4,runtime-0785-kso3f
qwen_batch_063,batches/qwen/qwen_batch_063.json,8,8,0,0,0,8,0,runtime-0786-li,runtime-0799-li2sio3
qwen_batch_064,batches/qwen/qwen_batch_064.json,8,8,0,0,0,8,0,runtime-0800-li2sno3,runtime-0810-libr
qwen_batch_065,batches/qwen/qwen_batch_065.json,8,8,0,0,0,8,0,runtime-0813-lic2h,runtime-0828-lino2
qwen_batch_066,batches/qwen/qwen_batch_066.json,8,8,0,0,0,8,0,runtime-0830-liocn,runtime-0843-mgio42
qwen_batch_067,batches/qwen/qwen_batch_067.json,8,8,0,0,0,8,0,runtime-0847-mgocn2,runtime-0860-mgco3
qwen_batch_068,batches/qwen/qwen_batch_068.json,8,6,2,0,0,8,0,runtime-0861-mgcr2o4,runtime-0877-mnhco32
qwen_batch_069,batches/qwen/qwen_batch_069.json,8,8,0,0,0,8,0,runtime-0878-mnio32,runtime-0888-mnbr2
qwen_batch_070,batches/qwen/qwen_batch_070.json,8,8,0,0,0,8,0,runtime-0891-mncl2,runtime-0906-n2o5
qwen_batch_071,batches/qwen/qwen_batch_071.json,8,8,0,0,0,8,0,runtime-0907-nh2cn,runtime-0926-nh4hso4
qwen_batch_072,batches/qwen/qwen_batch_072.json,8,6,2,0,0,8,0,runtime-0927-nh4i,runtime-0940-na2co3
qwen_batch_073,batches/qwen/qwen_batch_073.json,8,8,0,0,0,8,0,runtime-0942-na2cs4,runtime-0956-na2s
qwen_batch_074,batches/qwen/qwen_batch_074.json,8,8,0,0,0,8,0,runtime-0958-na2s2dd,runtime-0971-na2s5o6dd
qwen_batch_075,batches/qwen/qwen_batch_075.json,8,8,0,0,0,8,0,runtime-0973-na2s7o6dd,runtime-0985-na3po4
qwen_batch_076,batches/qwen/qwen_batch_076.json,8,8,0,0,0,8,0,runtime-0986-na4p2o7,runtime-0996-nacn
qwen_batch_077,batches/qwen/qwen_batch_077.json,8,7,1,0,0,8,0,runtime-0997-nacl,runtime-1006-nah
qwen_batch_078,batches/qwen/qwen_batch_078.json,8,8,0,0,0,8,0,runtime-1008-nah2po3,runtime-1020-nai
qwen_batch_079,batches/qwen/qwen_batch_079.json,8,7,1,0,0,8,0,runtime-1022-naio4,runtime-1039-nicn2
qwen_batch_080,batches/qwen/qwen_batch_080.json,8,8,0,0,0,8,0,runtime-1040-nico4,runtime-1050-ni2sio4
qwen_batch_081,batches/qwen/qwen_batch_081.json,8,8,0,0,0,8,0,runtime-1052-nial2o4,runtime-1062-nii2
qwen_batch_082,batches/qwen/qwen_batch_082.json,8,7,1,0,0,8,0,runtime-1063-nio,runtime-1076-pscn3
qwen_batch_083,batches/qwen/qwen_batch_083.json,8,8,0,0,0,8,0,runtime-1077-p2i4,runtime-1090-ph4i
qwen_batch_084,batches/qwen/qwen_batch_084.json,8,7,1,0,0,8,0,runtime-1094-pocl3,runtime-1107-pboh2
qwen_batch_085,batches/qwen/qwen_batch_085.json,8,7,1,0,0,8,0,runtime-1111-pb3o4,runtime-1135-scl2
qwen_batch_086,batches/qwen/qwen_batch_086.json,8,8,0,0,0,8,0,runtime-1136-so2nh22,runtime-1146-sif2i2
qwen_batch_087,batches/qwen/qwen_batch_087.json,8,7,1,0,0,8,0,runtime-1147-sii4,runtime-1158-snbr2
qwen_batch_088,batches/qwen/qwen_batch_088.json,8,7,1,0,0,8,0,runtime-1160-sncl2,runtime-1176-znhco32
qwen_batch_089,batches/qwen/qwen_batch_089.json,8,8,0,0,0,8,0,runtime-1177-znhso32,runtime-1191-znc2o4
qwen_batch_090,batches/qwen/qwen_batch_090.json,8,7,1,0,0,8,0,runtime-1193-zncs3,runtime-1203-zno2
qwen_batch_091,batches/qwen/qwen_batch_091.json,8,7,1,0,0,1,7,runtime-1206-znso4,runtime-1231-hnco
qwen_batch_092,batches/qwen/qwen_batch_092.json,8,7,1,0,0,0,8,runtime-1234-n2o,runtime-1248-ph3
qwen_batch_093,batches/qwen/qwen_batch_093.json,5,5,0,0,0,0,5,runtime-1250-psf3,runtime-1257-sicl2
